74,27
41,38
84,14
19,84
22,79
23,66
44,67
74,10
92,82
94,55
42,53
78,75
13,71
51,2
80,28
77,84
43,62
86,82
89,44
47,66
16,86
94,100
7,18
43,77
51,57
55,57
9,61
74,77
84,27
80,16
24,6
97,83
94,46
67,13
94,20
17,40
72,75
13,62
32,4
18,44
78,3
1,57
61,89
62,60
55,18
40,27
54,28
37,48
82,31
55,26
16,97
29,41
39,58
58,43
1,52
69,31
8,52
32,100
24,49
11,80
58,10
14,59
55,8
75,35
72,42
67,77
49,64
3,93
92,40
55,100
43,59
78,67
62,57
50,97
48,80
15,29
66,15
63,90
71,24
34,71
99,18
35,11
66,13
31,96
67,40
80,52
30,33
99,6
95,5
64,65
83,51
84,27
90,71
70,37
86,69
13,98
71,43
50,64
67,8
89,86
85,26
91,12
98,2
75,45
80,17
49,95
43,46
57,38
42,72
56,94
32,94
15,15
5,82
33,75
63,56
90,67
17,90
89,28
95,78
62,49
8,19
75,21
41,45
58,34
31,57
69,29
5,57
1,62
72,2
91,77
68,38
36,3
12,77
33,55
65,64
45,44
95,73
51,39
70,76
47,23
24,78
40,49
37,100
48,51
88,95
53,97
73,74
61,98
41,34
61,53
40,89
14,15
66,18
9,90
48,78
25,29
86,88
78,19
52,36
33,58
86,57
39,28
29,96
80,28
56,37
42,55
75,29
3,59
48,63
8,74
20,80
54,92
96,66
31,46
57,76
23,51
57,53
49,9
62,28
21,9
42,47
20,53
96,47
91,18
33,43
25,62
61,86
44,56
63,100
71,79
26,34
37,98
66,25
50,93
86,49
17,73
42,47
30,26
37,89
74,2
10,42
87,10
53,32
26,85
50,99
49,9
69,100
69,31
68,68
27,51
66,72
78,29
97,93
77,66
88,25
8,13
3,20
99,83
87,38
4,79
45,89
93,85
43,91
31,30
84,31
75,28
18,21
86,75
26,77
20,2
75,60
33,25
42,42
65,33
15,3
18,91
61,72
53,47
53,51
45,63
9,24
72,39
14,48
100,48
45,24
77,30
27,50
37,21
94,34
41,15
16,24
36,15
65,56
99,61
25,92
29,2
7,78
67,97
70,60
43,88
23,53
25,77
8,58
65,60
88,79
58,98
59,69
3,24
21,27
67,22
100,89
69,87
83,85
83,2
82,43
10,20
51,44
43,32
62,46
48,36
58,38
5,81
41,74
94,67
62,79
3,68
30,100
27,83
20,58
2,5
66,35
78,62
90,54
77,58
21,88
18,32
48,73
89,5
44,30
24,74
36,15
9,91
86,55
42,4
23,68
77,78
82,56
76,95
55,89
8,16
45,77
91,36
64,79
99,97
65,74
91,26
66,48
81,88
6,58
30,11
63,39
95,10
53,24
37,64
26,20
87,29
77,52
39,59
93,80
55,26
24,38
79,16
44,93
17,91
57,71
3,13
16,87
37,69
89,89
39,39
60,16
84,54
91,59
70,47
68,37
68,63
1,10
74,34
38,50
43,79
14,100
6,36
31,57
55,78
92,1
28,14
24,23
96,39
45,56
17,3
79,1
11,49
20,82
41,62
33,23
19,45
15,62
65,69
71,52
44,66
19,85
83,47
19,52
14,38
37,76
10,47
22,40
20,8
97,9
61,58
81,33
23,76
50,73
2,93
41,20
33,72
78,76
80,52
44,99
8,78
1,47
31,99
79,22
59,83
39,52
69,68
32,26
40,89
96,41
64,10
80,26
14,33
74,85
68,39
84,60
19,69
70,68
39,91
25,64
95,50
8,3
52,78
45,13
65,31
37,85
67,65
52,81
43,28
53,27
57,38
98,52
22,51
76,97
18,59
69,13
60,74
78,2
17,50
53,11
80,99
26,87
7,39
58,61
87,98
36,3
45,87
26,22
78,21
63,80
33,95
53,77
56,75
63,48
1,35
22,62
94,100
25,89
85,43
61,70
30,70
98,65
95,40
45,42
35,75
35,6
58,99
33,85
53,92
5,30
53,16
16,9
99,91
58,71
47,8
74,21
42,17
45,5
59,52
6,17
96,20
24,58
39,43
44,19
87,17
97,68
74,99
86,48
30,79
15,3
35,4
44,85
29,18
32,70
45,22
1,34
98,73
46,70
47,59
78,58
40,15
39,18
2,67
4,28
28,69
79,7
64,93
84,2
71,46
74,1
33,28
23,81
53,17
9,92
29,27
84,15
66,66
91,92
75,35
38,39
16,36
73,93
94,93
76,97
50,68
17,98
35,1
56,3
48,53
80,9
20,3
69,8
21,45
21,37
88,81
69,4
35,53
7,51
1,51
63,76
20,17
75,61
52,5
6,22
64,44
97,29
1,55
85,28
27,73
89,74
17,52
33,76
81,80
39,89
69,90
54,30
13,81
89,49
35,4
12,56
45,71
22,56
57,64
65,51
18,13
51,63
51,16
21,81
94,8
15,69
87,8
23,32
22,95
71,28
24,30
39,93
42,25
72,37
61,48
92,49
6,78
10,64
20,93
13,94
33,90
9,61
81,4
86,80
63,31
38,32
99,98
73,63
60,47
75,57
15,20
71,15
72,75
40,64
14,59
86,51
27,37
74,22
89,6
86,97
72,75
92,2
28,6
81,80
75,40
39,48
97,73
77,36
100,41
87,37
64,2
39,72
39,29
70,4
18,21
43,63
20,32
57,61
99,93
64,7
98,89
12,42
14,25
59,97
2,40
77,29
77,94
40,46
14,39
89,63
4,55
50,6
88,8
39,39
9,83
5,13
26,21
14,94
91,73
79,16
61,51
12,48
52,51
2,88
4,55
15,38
96,23
18,79
80,51
57,54
92,32
89,41
23,85
97,50
42,90
96,19
78,34
1,80
62,85
36,3
52,32
64,74
48,61
43,49
7,44
35,47
2,12
11,19
92,45
69,80
56,70
80,97
93,78
80,43
48,24
99,29
72,87
35,27
82,61
54,68
78,56
32,50
86,7
23,99
38,12
9,13
26,47
83,99
85,19
45,91
71,72
62,84
33,27
70,17
12,3
87,5
76,62
21,22
48,78
22,58
8,90
3,84
39,27
1,56
23,4
84,82
65,65
98,83
82,57
79,35
36,39
36,55
74,71
55,29
77,47
55,98
36,48
1,23
7,68
59,40
98,69
85,60
64,27
94,19
85,84
36,27
37,33
52,26
68,90
88,69
47,67
83,9
96,66
5,72
70,64
12,67
15,7
75,63
19,98
42,71
90,1
15,39
11,77
36,35
46,32
21,7
40,46
1,71
20,55
81,36
76,33
69,74
58,14
100,61
95,67
79,51
23,60
85,40
43,75
98,40
47,21
34,50
86,88
82,23
89,44
54,11
42,1
69,23
27,9
18,39
2,48
48,55
50,76
6,5
63,72
74,83
32,72
55,32
87,26
64,25
63,12
16,100
86,38
93,69
73,97
3,33
57,42
14,92
68,77
6,24
13,10
70,12
8,45
80,43
38,58
14,81
2,56
11,56
94,55
20,81
37,41
1,67
49,26
27,61
16,84
5,71
76,10
52,73
60,5
41,56
96,53
81,63
13,27
71,4
61,88
82,13
66,42
33,64
1,26
46,62
19,68
15,11
68,44
48,72
80,56
57,11
51,40
39,84
45,54
88,49
59,100
88,56
33,67
43,77
1,31
73,3
48,67
52,100
5,32
89,12
20,37
2,48
81,5
60,27
73,56
45,70
80,17
69,82
2,85
100,10
97,74
88,57
53,6
95,69
71,63
23,50
27,44
82,82
20,18
15,33
50,34
56,78
16,38
94,56
68,15
49,23
89,13
35,79
32,95
42,36
67,11
67,28
57,18
55,42
50,21
36,28
28,71
40,76
12,71
86,53
20,14
97,40
34,38
39,61
9,18
91,59
63,85
24,76
24,35
87,48
14,100
80,26
22,20
60,89
79,92
17,37
14,86
79,16
14,3
96,24
62,42
64,39
65,78
99,34
74,34
15,92
52,57
6,63
13,60
57,29
72,45
28,52
73,25
39,36
59,6
77,3
29,52
71,67
60,88
19,48
48,4
3,21
61,26
62,93
37,16
39,35
61,97
94,19
46,2
24,44
24,89
22,78
46,7
17,65
56,97
5,40
5,36
27,73
59,89
45,38
54,28
11,9
94,42
68,85
93,47
84,68
41,34
43,81
10,64
90,59
5,31
59,49
14,39
79,54
100,36
43,97
15,59
67,13
85,15
45,58
30,48
21,87
54,28
5,17
53,50
38,66
36,4
44,44
83,44
91,69
87,57
66,94
56,14
84,20
91,92
38,67
52,63
4,18
48,66
24,97
11,6
89,66
39,62
65,47
3,40
31,65
56,58
76,94
95,48
49,73
89,62
13,54
67,97
86,13
37,98
99,45
91,43
3,6
48,59
72,12
43,18
15,56
51,94
73,60
34,21
68,54
66,75
